1 0 0 0
0 0.5 0 0.5
0.5 0.25 0.15 0.1
0.25 0.33 0.135 0.285
0.33 0.2945 0.18 0.1955
0.2945 0.29875 0.18465 0.2221
0.29875 0.29523 0.195885 0.210135
0.29523 0.29362 0.20016 0.210991
0.29362 0.293142 0.203409 0.209829
0.293142 0.292406 0.205335 0.209116
0.292406 0.292196 0.20647 0.208928
0.292196 0.291961 0.207207 0.208636
0.291961 0.291857 0.207636 0.208546
0.291857 0.291781 0.207909 0.208453
0.291781 0.291737 0.208072 0.20841
0.291737 0.29171 0.208174 0.20838
0.29171 0.291693 0.208235 0.208362
0.291693 0.291683 0.208273 0.208351
0.291683 0.291677 0.208297 0.208344
0.291677 0.291673 0.208311 0.20834
0.291673 0.29167 0.20832 0.208337
0.29167 0.291669 0.208325 0.208336
0.291669 0.291668 0.208328 0.208335
0.291668 0.291668 0.20833 0.208334
0.291668 0.291667 0.208331 0.208334
0.291667 0.291667 0.208332 0.208334
0.291667 0.291667 0.208333 0.208334
0.291667 0.291667 0.208333 0.208333
0.291667 0.291667 0.208333 0.208333
0.291667 0.291667 0.208333 0.208333
0.291667 0.291667 0.208333 0.208333
0.291667 0.291667 0.208333 0.208333
0.291667 0.291667 0.208333 0.208333
0.291667 0.291667 0.208333 0.208333
0.291667 0.291667 0.208333 0.208333
0.291667 0.291667 0.208333 0.208333
0.291667 0.291667 0.208333 0.208333
0.291667 0.291667 0.208333 0.208333
0.291667 0.291667 0.208333 0.208333
0.291667 0.291667 0.208333 0.208333
0.291667 0.291667 0.208333 0.208333
0.291667 0.291667 0.208333 0.208333
0.291667 0.291667 0.208333 0.208333
0.291667 0.291667 0.208333 0.208333
0.291667 0.291667 0.208333 0.208333
0.291667 0.291667 0.208333 0.208333
0.291667 0.291667 0.208333 0.208333
0.291667 0.291667 0.208333 0.208333
0.291667 0.291667 0.208333 0.208333
0.291667 0.291667 0.208333 0.208333
0.291667 0.291667 0.208333 0.208333
0.291667 0.291667 0.208333 0.208333
0.291667 0.291667 0.208333 0.208333
0.291667 0.291667 0.208333 0.208333
0.291667 0.291667 0.208333 0.208333
0.291667 0.291667 0.208333 0.208333
0.291667 0.291667 0.208333 0.208333
0.291667 0.291667 0.208333 0.208333
0.291667 0.291667 0.208333 0.208333
0.291667 0.291667 0.208333 0.208333
0.291667 0.291667 0.208333 0.208333
0.291667 0.291667 0.208333 0.208333
0.291667 0.291667 0.208333 0.208333
0.291667 0.291667 0.208333 0.208333
0.291667 0.291667 0.208333 0.208333
0.291667 0.291667 0.208333 0.208333
0.291667 0.291667 0.208333 0.208333
0.291667 0.291667 0.208333 0.208333
0.291667 0.291667 0.208333 0.208333
0.291667 0.291667 0.208333 0.208333
0.291667 0.291667 0.208333 0.208333
0.291667 0.291667 0.208333 0.208333
0.291667 0.291667 0.208333 0.208333
0.291667 0.291667 0.208333 0.208333
0.291667 0.291667 0.208333 0.208333
0.291667 0.291667 0.208333 0.208333
0.291667 0.291667 0.208333 0.208333
0.291667 0.291667 0.208333 0.208333
0.291667 0.291667 0.208333 0.208333
0.291667 0.291667 0.208333 0.208333
0.291667 0.291667 0.208333 0.208333
0.291667 0.291667 0.208333 0.208333
0.291667 0.291667 0.208333 0.208333
0.291667 0.291667 0.208333 0.208333
0.291667 0.291667 0.208333 0.208333
0.291667 0.291667 0.208333 0.208333
0.291667 0.291667 0.208333 0.208333
0.291667 0.291667 0.208333 0.208333
0.291667 0.291667 0.208333 0.208333
0.291667 0.291667 0.208333 0.208333
0.291667 0.291667 0.208333 0.208333
0.291667 0.291667 0.208333 0.208333
0.291667 0.291667 0.208333 0.208333
0.291667 0.291667 0.208333 0.208333
0.291667 0.291667 0.208333 0.208333
0.291667 0.291667 0.208333 0.208333
0.291667 0.291667 0.208333 0.208333
0.291667 0.291667 0.208333 0.208333
0.291667 0.291667 0.208333 0.208333
0.291667 0.291667 0.208333 0.208333
0.291667 0.291667 0.208333 0.208333